[gd_scene load_steps=11 format=2]

[ext_resource path="res://objects/hero/Hero.gd" type="Script" id=1]
[ext_resource path="res://meshes/character.glb" type="PackedScene" id=2]
[ext_resource path="res://meshes/char_run.anim" type="Animation" id=3]
[ext_resource path="res://meshes/char_idle.anim" type="Animation" id=4]
[ext_resource path="res://meshes/char_atk.anim" type="Animation" id=5]
[ext_resource path="res://meshes/black_outline.material" type="Material" id=6]
[ext_resource path="res://objects/hero/whistle_med_R_to_L_001.wav" type="AudioStream" id=7]

[sub_resource type="CapsuleMesh" id=1]

[sub_resource type="CapsuleShape" id=2]
radius = 1.25

[sub_resource type="PrismMesh" id=3]

[node name="Hero" type="KinematicBody" groups=[
"hero",
"player",
]]
pause_mode = 1
collision_mask = 1024
script = ExtResource( 1 )

[node name="MeshInstance" type="MeshInstance" parent="."]
transform = Transform( 1, 0, 0, 0, -4.37114e-08, -1, 0, 1, -4.37114e-08, 0, 1.5, 0 )
visible = false
mesh = SubResource( 1 )
material/0 = null

[node name="CollisionShape" type="CollisionShape" parent="."]
transform = Transform( 1, 0, 0, 0, -1.62921e-07, -1, 0, 1, -1.62921e-07, 0, 1.5, 0 )
shape = SubResource( 2 )

[node name="DirectionIndicator" type="MeshInstance" parent="."]
transform = Transform( 0.5, 0, 0, 0, -8.14603e-08, 0.5, 0, -0.5, -8.14603e-08, 0, 2, -2 )
visible = false
mesh = SubResource( 3 )
material/0 = null

[node name="Timer" type="Timer" parent="."]
wait_time = 0.5
one_shot = true

[node name="character" parent="." instance=ExtResource( 2 )]
transform = Transform( -0.5, 0, -1.62921e-07, 0, 0.5, 0, 1.62921e-07, 0, -0.5, -0.0775528, 0.0239734, 0.725112 )

[node name="Bone" parent="character/Armature" index="0"]
transform = Transform( 1, 0, 0, 0, 0.998484, 0.0550457, 0, -0.0550457, 0.998484, 0, 0, -0.346527 )

[node name="Bone001" parent="character/Armature/Bone" index="0"]
transform = Transform( 1, 1.77636e-15, 2.38419e-07, 2.68554e-08, 0.993636, -0.11264, -2.36901e-07, 0.11264, 0.993636, 0, 1.00152, 1.11759e-08 )

[node name="Bone002" parent="character/Armature/Bone/Bone001" index="0"]
transform = Transform( 1, -1.24973e-09, 3.17557e-12, 1.24973e-09, 0.999986, -0.00524173, 3.37519e-12, 0.00524173, 0.999986, -8.88178e-15, 0.681591, 1.49012e-08 )

[node name="Bone003" parent="character/Armature/Bone/Bone001/Bone002" index="0"]
transform = Transform( 1, -1.31711e-07, 3.96836e-08, 1.31711e-07, 0.833555, -0.552437, 3.96836e-08, 0.552437, 0.833555, -2.96707e-14, 1.24998, -1.49012e-08 )

[node name="Bone004" parent="character/Armature/Bone/Bone001/Bone002/Bone003" index="0"]
transform = Transform( 1, 1.43971e-07, 4.8377e-08, -1.43971e-07, 0.797092, 0.603858, 4.8377e-08, -0.603858, 0.797092, -3.55743e-14, 0.469518, 2.47616e-08 )

[node name="Head001" parent="character/Armature/Bone/Bone001/Bone002/Bone003/Bone004" index="0"]
material/0 = ExtResource( 6 )

[node name="Bone005" parent="character/Armature/Bone/Bone001/Bone002" index="1"]
transform = Transform( -0.964878, 0.262133, 0.0172412, -0.262177, -0.96502, -0.000327401, 0.0165523, -0.00483615, 0.999851, 0.748498, 0.999625, -0.153898 )

[node name="Bone006" parent="character/Armature/Bone/Bone001/Bone002/Bone005" index="0"]
transform = Transform( 0.996915, 0.0775151, -0.0122954, -0.078315, 0.972202, -0.220657, -0.00515057, 0.220939, 0.975274, 4.37503e-08, 1.0816, 3.6516e-08 )

[node name="Bone007" parent="character/Armature/Bone/Bone001/Bone002/Bone005/Bone006" index="0"]
transform = Transform( 0.968993, 0.242712, -0.0462891, -0.244036, 0.969433, -0.0254068, 0.0387076, 0.0359152, 0.998605, 1.80356e-07, 1.11026, 1.78893e-08 )

[node name="Arm L Hand" parent="character/Armature/Bone/Bone001/Bone002/Bone005/Bone006/Bone007" index="0"]
material/0 = ExtResource( 6 )

[node name="Arm L" parent="character/Armature/Bone/Bone001/Bone002/Bone005/Bone006" index="1"]
material/0 = ExtResource( 6 )

[node name="Gauntlet" parent="character/Armature/Bone/Bone001/Bone002/Bone005/Bone006" index="2"]
material/0 = ExtResource( 6 )

[node name="Arm L Forearm" parent="character/Armature/Bone/Bone001/Bone002/Bone005" index="1"]
material/0 = ExtResource( 6 )

[node name="Shoulder L" parent="character/Armature/Bone/Bone001/Bone002/Bone005" index="2"]
material/0 = ExtResource( 6 )

[node name="Bone011" parent="character/Armature/Bone/Bone001/Bone002" index="2"]
transform = Transform( -0.96488, -0.262133, 0.0172412, 0.261999, -0.96502, -0.00969413, 0.0191793, -0.0048365, 0.999804, -0.737157, 0.999625, -0.153898 )

[node name="Bone012" parent="character/Armature/Bone/Bone001/Bone002/Bone011" index="0"]
transform = Transform( 0.991913, -0.0695722, 0.106148, 0.0912643, 0.972202, -0.215623, -0.0881962, 0.223567, 0.97069, -1.13743e-07, 1.0816, 4.48132e-08 )

[node name="Bone013" parent="character/Armature/Bone/Bone001/Bone002/Bone011/Bone012" index="0"]
transform = Transform( 0.969013, -0.244414, -0.0357193, 0.243374, 0.969433, -0.0311141, 0.0422323, 0.0214568, 0.998877, 1.19476e-07, 1.11026, -1.04241e-07 )

[node name="Arm R Hand" parent="character/Armature/Bone/Bone001/Bone002/Bone011/Bone012/Bone013" index="0"]
material/0 = ExtResource( 6 )

[node name="Sword" parent="character/Armature/Bone/Bone001/Bone002/Bone011/Bone012/Bone013" index="1"]
material/0 = ExtResource( 6 )

[node name="Arm R" parent="character/Armature/Bone/Bone001/Bone002/Bone011/Bone012" index="1"]
material/0 = ExtResource( 6 )

[node name="Arm R Foerarm" parent="character/Armature/Bone/Bone001/Bone002/Bone011" index="1"]
material/0 = ExtResource( 6 )

[node name="Shoulder R" parent="character/Armature/Bone/Bone001/Bone002/Bone011" index="2"]
material/0 = ExtResource( 6 )

[node name="Torso Chest" parent="character/Armature/Bone/Bone001/Bone002" index="6"]
material/0 = ExtResource( 6 )

[node name="Harikari" parent="character/Armature/Bone/Bone001" index="1"]
material/0 = ExtResource( 6 )

[node name="Torso Waist" parent="character/Armature/Bone/Bone001" index="3"]
material/0 = ExtResource( 6 )

[node name="Bone008" parent="character/Armature/Bone" index="1"]
transform = Transform( -0.991909, 0.126788, -0.00632942, -0.126636, -0.99174, -0.0203661, -0.00885931, -0.0193999, 0.999772, 0.328885, -0.0555866, -0.021839 )

[node name="Bone009" parent="character/Armature/Bone/Bone008" index="0"]
transform = Transform( 0.99191, 0.126802, 0.00604264, -0.126787, 0.987177, 0.0969863, 0.00633286, -0.0969678, 0.995267, -9.45066e-10, 1.07337, -2.22548e-08 )

[node name="Bone010" parent="character/Armature/Bone/Bone008/Bone009" index="0"]
transform = Transform( 0.999172, 0.0119643, -0.038877, -0.0395025, 0.0574491, -0.997567, -0.00970178, 0.998277, 0.0578741, -1.0734e-09, 1.99989, 1.60743e-08 )

[node name="Legs L Foot" parent="character/Armature/Bone/Bone008/Bone009/Bone010" index="0"]
material/0 = ExtResource( 6 )

[node name="Legs L Knee Shin" parent="character/Armature/Bone/Bone008/Bone009" index="1"]
material/0 = ExtResource( 6 )

[node name="Legs L Thigh" parent="character/Armature/Bone/Bone008" index="1"]
material/0 = ExtResource( 6 )

[node name="Bone014" parent="character/Armature/Bone" index="2"]
transform = Transform( -0.991907, -0.126788, -0.00632538, 0.126886, -0.99174, -0.0187445, -0.00389655, -0.0193955, 0.999804, -0.317544, -0.0555866, -0.021839 )

[node name="Bone015" parent="character/Armature/Bone/Bone014" index="0"]
transform = Transform( 0.99191, -0.125554, -0.0187486, 0.126789, 0.987177, 0.0969853, 0.00633129, -0.0985777, 0.995109, -8.45627e-09, 1.07337, 2.47589e-08 )

[node name="Bone016" parent="character/Armature/Bone/Bone014/Bone015" index="0"]
transform = Transform( 0.999173, -0.011955, -0.0388693, -0.0381215, 0.057449, -0.99762, 0.0141596, 0.998277, 0.0569457, 6.46287e-08, 1.99989, -4.02656e-08 )

[node name="Legs R Foot" parent="character/Armature/Bone/Bone014/Bone015/Bone016" index="0"]
material/0 = ExtResource( 6 )

[node name="Legs R Knee Shin" parent="character/Armature/Bone/Bone014/Bone015" index="1"]
material/0 = ExtResource( 6 )

[node name="Legs R Thigh" parent="character/Armature/Bone/Bone014" index="1"]
material/0 = ExtResource( 6 )

[node name="Legs Hips" parent="character/Armature/Bone" index="3"]
material/0 = ExtResource( 6 )

[node name="AnimationPlayer" parent="character" index="1"]
anims/char_atk = ExtResource( 5 )
anims/char_idle = ExtResource( 4 )
anims/char_run = ExtResource( 3 )

[node name="AudioStreamPlayer" type="AudioStreamPlayer" parent="."]
pause_mode = 2
stream = ExtResource( 7 )
volume_db = -7.0

[editable path="character"]
